686.1554565	381.7835693
834.1646118	380.3858032
981.8851318	377.7701111
1129.854858	376.7689819
1276.677246	374.6139526
1424.030273	372.6229553
1571.080322	370.9486694
1718.179199	368.9393311
1864.873535	367.5192261
2010.915039	365.7790222
2157.675537	363.4911804
2304.101318	361.7437134
2450.185059	360.0851746
2596.51001	358.5682068
2742.728271	356.745636
2888.486572	355.0548401
3034.522949	353.108551
3180.679199	350.9143982
3326.945801	349.362854
3472.318359	347.0039978
3618.564697	344.9510803
681.3831177	514.3293457
830.3997192	512.2683105
978.7695923	511.0647278
1127.390625	509.5340271
1275.154175	507.6478577
1423.157349	505.4252319
1571.052124	503.6948547
1719.335205	502.409729
1866.21582	499.8035889
2013.846924	498.5950012
2160.347412	495.8265381
2307.448486	494.0220642
2454.897705	492.6474304
2601.745605	490.3966064
2749.355469	488.6216431
2895.756348	487.1400146
3042.32666	484.7474365
3189.00708	483.3406067
3335.756592	481.1020203
3482.468994	478.9402161
3628.856934	476.5336914
677.2322388	648.9141235
826.3342896	646.9172974
975.8977051	645.4977417
1124.765991	643.7821655
1273.569946	641.2693481
1422.254517	638.8106689
1570.804932	637.0187378
1718.860718	635.4133911
1867.760376	633.6443481
2015.534424	631.272522
2163.499512	629.5653687
2311.535156	627.6988525
2459.26123	626.1412354
2607.536133	623.9436646
2754.999756	621.8154907
2902.105469	620.2944336
3049.561523	618.065979
3197.475586	616.4824829
3344.926758	614.1610107
3492.49707	612.0773315
3639.314697	609.991272
672.3809814	784.3930054
822.4300537	782.6116943
972.741333	780.5059814
1122.236084	778.4419556
1271.678101	776.6132202
1421.59375	774.3590088
1571.600342	772.552002
1720.430176	770.3617554
1869.503418	768.6129761
2017.825195	767.0029297
2167.447266	764.8406372
2314.831055	762.671814
2464.302979	761.0721436
2612.649414	758.6407471
2760.921387	756.9494629
2909.260498	754.9262085
3058.006836	753.4127808
3206.159424	751.3344727
3354.132324	748.8467407
3502.769775	747.0215454
3650.29248	744.5852051
667.6236572	921.5532227
818.3114014	919.3987427
969.2061768	917.2942505
1119.922363	915.2377319
1270.016968	913.1791382
1420.304321	911.0537109
1571.333374	908.977356
1720.591187	906.6703491
1870.818604	905.0438232
2020.259521	902.9423828
2170.254395	900.9338989
2319.198242	898.9772339
2468.714844	897.1826172
2617.928223	895.4313965
2767.525146	893.2489624
2916.671875	891.4552612
3065.430908	889.3028564
3214.550537	887.1916504
3363.046143	884.7000122
3512.142578	882.8635254
3661.383301	880.5823364
662.6828613	1059.745972
814.4147339	1057.528564
966.2302856	1054.966919
1117.313354	1053.120361
1268.533936	1051.253784
1419.613159	1048.742676
1570.540161	1047.333008
1721.459961	1045.271118
1871.751953	1042.897217
2022.908203	1039.977905
2173.234375	1038.690186
2323.299072	1036.184204
2473.654053	1034.450806
2623.366455	1032.772095
2773.670654	1030.469116
2923.512695	1029.040283
3073.919434	1026.754395
3223.290527	1024.634155
3373.159424	1022.462341
3523.062256	1020.064758
3673.248047	1017.846985
657.6588745	1199.529785
809.9268799	1197.412109
962.2601929	1195.618164
1115.231934	1192.654907
1266.695435	1190.278809
1418.762207	1188.973633
1570.453857	1186.399536
1722.033691	1184.087524
1873.060547	1181.978149
2025.215942	1179.91748
2176.307373	1177.780884
2327.605469	1175.616577
2478.779053	1173.643311
2629.398193	1171.881714
2780.294189	1169.409058
2931.047607	1167.554321
3081.490723	1164.959351
3232.031982	1163.810547
3382.746582	1161.613159
3533.114014	1158.896606
3683.973633	1156.603638
652.8587036	1341.091187
805.8912964	1338.169678
959.3200684	1336.238037
1112.040161	1334.071167
1265.012939	1332.112793
1417.47937	1329.190796
1570.750488	1326.920044
1723.055298	1325.359741
1875.5802	1323.001953
2027.578491	1321.054932
2179.718262	1318.732178
2331.5625	1316.252075
2483.28418	1314.417114
2634.976562	1311.67395
2786.709473	1309.920776
2938.003906	1307.710449
3090.125977	1306.220215
3241.317871	1302.979126
3392.429199	1301.460449
3543.812744	1299.351807
3695.465332	1296.682617
647.5344238	1484.119385
801.4472046	1481.299805
955.3397827	1479.238647
1110.06189	1476.786377
1263.378784	1474.468506
1416.321899	1472.077759
1570.46875	1470.257202
1723.430176	1466.929443
1876.414185	1464.772095
2029.809692	1463.573364
2182.942871	1460.553711
2335.477783	1458.261841
2488.401367	1456.171265
2640.739502	1454.295288
2792.895508	1451.952881
2945.233398	1450.228638
3097.80249	1448.244385
3249.964111	1446.071045
3402.69458	1443.28894
3554.410156	1441.403809
3706.69751	1439.352661
642.2485962	1628.551392
797.5072021	1625.284668
952.3587036	1623.482422
1106.655518	1620.362427
1261.754761	1618.902466
1415.969116	1616.014771
1569.848511	1613.444092
1724.295532	1611.424927
1878.30127	1608.654785
2032.291382	1606.546997
2186.417969	1605.021729
2339.931396	1602.32019
2493.247803	1600.255493
2646.652588	1597.768921
2799.795654	1595.903687
2953.222412	1593.332153
3106.445312	1591.622925
3259.307861	1588.950562
3412.475586	1587.243286
3565.305664	1584.446045
3718.647949	1582.395264
636.5187378	1774.179321
792.477417	1771.920532
948.513916	1769.625732
1103.576538	1767.112549
1259.754028	1764.340576
1415.151978	1762.227417
1569.82312	1759.592896
1725.520386	1757.342529
1879.703613	1754.32019
2034.707153	1752.645508
2188.767578	1750.674561
2344.007812	1747.700684
2498.157959	1746.026123
2652.043457	1743.311401
2806.280029	1740.849731
2960.492432	1739.172974
3114.825195	1736.896851
3268.934814	1734.510742
3423.14624	1732.018433
3576.393311	1730.32312
3730.476318	1727.120728
631.6322021	1922.481323
787.5982056	1919.623901
944.8737183	1917.720825
1101.018555	1914.529785
1257.44104	1912.060669
1413.146362	1909.270142
1569.750488	1907.203125
1725.306152	1904.808472
1881.470825	1901.897827
2036.597168	1899.282349
2192.770508	1898.105713
2348.268311	1894.78418
2503.352539	1892.811035
2658.258789	1890.084839
2813.859375	1887.994263
2967.983398	1885.901123
3123.496094	1883.93335
3278.016602	1880.743774
3432.688721	1879.062378
3587.592041	1876.193726
3742.371582	1874.37085
625.6536865	2072.126465
783.2755127	2069.234375
941.454895	2066.895264
1098.26355	2063.882324
1255.478271	2061.325928
1412.897217	2058.179932
1569.512939	2056.231689
1726.44397	2053.742188
1882.910522	2050.824463
2039.503662	2048.104492
2195.978516	2046.498901
2351.96875	2043.516113
2508.095947	2040.937134
2664.221191	2038.949951
2820.273682	2036.883911
2975.881592	2034.01355
3131.709229	2031.966797
3287.116699	2029.869507
3443.334473	2027.604126
3598.813232	2025.06189
3754.334473	2022.079224
619.8119507	2223.091309
778.725769	2220.824463
937.203186	2217.269287
1095.550903	2214.375488
1253.088257	2212.283691
1411.004761	2209.020508
1569.554688	2206.509766
1726.972778	2203.737061
1884.702026	2201.858887
2041.737549	2199.542236
2199.500488	2196.636719
2356.356689	2194.313232
2513.830322	2192.030273
2670.255859	2189.423828
2827.194824	2186.950684
2983.64624	2184.451172
3140.491455	2181.737061
3297.194824	2178.803467
3453.952881	2177.656982
3610.491699	2175.139648
3766.816895	2173.031982