976.5578003	914.9088135
1104.968018	914.8207397
1233.112793	915.2814331
1361.980591	915.6262207
1489.448608	915.671814
1618.121826	916.1331787
1745.310181	916.6213989
1873.637695	916.8101807
2001.546997	917.3098755
2129.541992	917.1956787
2257.087158	918.043457
2385.094727	917.5991211
2512.595703	918.3948364
2640.831787	918.963562
2767.91626	919.3110962
2896.105225	919.2695923
3022.88623	919.9172974
3150.931641	920.0992432
3278.228271	920.6392212
3406.106445	920.8027954
3533.161377	921.703125
976.4116821	1042.367554
1104.531616	1042.821899
1233.350464	1043.016113
1361.244141	1043.672363
1489.567627	1043.258545
1617.057373	1044.351196
1745.396973	1044.135986
1873.424072	1044.636963
2001.181274	1044.995117
2128.802246	1045.373779
2256.645264	1045.296875
2384.153076	1045.750366
2512.34082	1046.305176
2639.641357	1046.661011
2767.506348	1046.773071
2894.581055	1047.253296
3022.854492	1047.150024
3149.786621	1047.456055
3277.900635	1048.325562
3404.519287	1048.840332
3532.524658	1048.79187
976.2642212	1170.684326
1104.716187	1170.480347
1233.102417	1171.008423
1361.342163	1170.795654
1488.992188	1171.621582
1617.123657	1171.374023
1744.959717	1172.157959
1873.373901	1172.116211
2000.428711	1172.462646
2128.719971	1172.756226
2256.170898	1173.064697
2384.206299	1173.247192
2511.67334	1173.735596
2639.543213	1174.266113
2766.55249	1174.776123
2894.273926	1174.572266
3021.589355	1175.233276
3149.428955	1174.888062
3276.512939	1175.969727
3404.147705	1175.44043
3531.315186	1176.038086
976.7758789	1297.490723
1104.771729	1298.057617
1233.414673	1298.472778
1360.883545	1298.806396
1489.675049	1299.41687
1616.962891	1299.758057
1744.948242	1299.583984
1872.36145	1299.868164
2000.772217	1299.966431
2127.822266	1300.291992
2256.305908	1300.602417
2383.520264	1300.741577
2511.266602	1301.052368
2638.479004	1301.437378
2766.334473	1301.555542
2893.463623	1302.129517
3021.157715	1302.068237
3148.38916	1302.42395
3276.27002	1303.168701
3402.646973	1302.875732
3531.073242	1303.359253
976.1420898	1426.02771
1104.611572	1425.678955
1232.435181	1426.549683
1361.00061	1425.582031
1488.141968	1426.736328
1617.036987	1426.43811
1744.719604	1426.249146
1872.203125	1426.83252
1999.742798	1427.131592
2128.279785	1427.442749
2255.541992	1427.769653
2383.307617	1428.213867
2510.592529	1428.293579
2638.745361	1428.785767
2765.774658	1429.126709
2893.237549	1429.086792
3020.547607	1429.331055
3148.310791	1429.855469
3274.792725	1429.851196
3402.909424	1430.102539
3529.462646	1430.428345
975.9178467	1553.005981
1104.617676	1552.868042
1232.513916	1553.01709
1360.319458	1553.406128
1488.701782	1553.611816
1615.583862	1553.736206
1743.955078	1554.267822
1871.387817	1554.15564
1999.457886	1554.393188
2127.078125	1554.574707
2255.264893	1554.487671
2382.220459	1555.361572
2510.474854	1555.27356
2637.580811	1555.692383
2765.36499	1555.637207
2892.165527	1556.139038
3019.739014	1555.704834
3146.63501	1556.400391
3274.375244	1556.883667
3401.602051	1557.378418
3529.736084	1557.29541
975.4455566	1679.967407
1104.193848	1680.221313
1232.390381	1680.397827
1360.061035	1680.477905
1487.732422	1681.261719
1616.323853	1681.673218
1742.991333	1681.174683
1871.625244	1681.813354
1998.616699	1681.932373
2126.889893	1681.726807
2254.0625	1682.03772
2382.424072	1682.317749
2508.780273	1682.931641
2637.080322	1682.688843
2763.509277	1682.966431
2891.567383	1682.916626
3018.458984	1683.451538
3146.502441	1683.345703
3273.318604	1683.929565
3401.039307	1684.05249
3528.2854	1684.499756
976.1147461	1807.81189
1104.045898	1807.648193
1232.270752	1807.400635
1359.917725	1807.562256
1488.11792	1807.588623
1615.156006	1807.744995
1743.437744	1808.364502
1870.867798	1808.773804
1998.917725	1808.685913
2126.146484	1808.430298
2254.083252	1808.934937
2380.847412	1809.236572
2509.226562	1808.845703
2636.0354	1809.839844
2764.233154	1809.798218
2890.798828	1809.888794
3018.217773	1809.7229
3145.451416	1810.277344
3272.984863	1810.126221
3400.05127	1810.933105
3527.607422	1810.750488
975.3932495	1934.682373
1103.836304	1934.574829
1231.589478	1935.061523
1359.758789	1935.015747
1487.232788	1934.988281
1615.65564	1935.202271
1742.61145	1935.74585
1870.979858	1935.653931
1997.834595	1936.170532
2125.898438	1935.661743
2252.60791	1936.445312
2380.875488	1936.360474
2508.250244	1936.029907
2635.210938	1936.122314
2762.817627	1936.786743
2890.467529	1936.615967
3017.447021	1937.123291
3144.606201	1937.10498
3271.628174	1937.600464
3399.217773	1937.875122
3526.104248	1938.247803
975.4355469	2062.119873
1103.282959	2061.877686
1231.473022	2061.765625
1359.464844	2061.842773
1487.213745	2062.036133
1614.885132	2061.907959
1742.747681	2062.235352
1870.098389	2062.164551
1997.578247	2062.356445
2125.15918	2062.73584
2252.835938	2062.871826
2379.775391	2063.177734
2507.487305	2063.298828
2634.724854	2063.425293
2762.089111	2063.85083
2889.33374	2063.866211
3016.735107	2063.7771
3143.824219	2064.08667
3271.275879	2064.245605
3398.142822	2064.563232
3525.94751	2065.54248
975.1549683	2188.991211
1103.46106	2189.356445
1231.281006	2188.568115
1359.261963	2188.705566
1486.370728	2188.608887
1614.618042	2189.460449
1742.098022	2189.354248
1869.550537	2188.593018
1997.41626	2189.427246
2124.625244	2189.383545
2252.119141	2189.711182
2379.716309	2190.343506
2507.024414	2190.009033
2634.552979	2189.794678
2760.962402	2190.6604
2889.022217	2190.608398
3015.640381	2190.917969
3143.189453	2191.054688
3270.333008	2190.877686
3397.433838	2191.287598
3523.929932	2191.503662
975.3909302	2316.678467
1103.059937	2316.120361
1231.502808	2315.818359
1358.650757	2316.445801
1486.760254	2316.657471
1613.700684	2316.301025
1741.672363	2316.530273
1869.217529	2316.344482
1997.098267	2316.479248
2123.814697	2316.889648
2251.937988	2317.039795
2378.699463	2317.002197
2506.237305	2316.985107
2633.531006	2317.108643
2760.739258	2317.295654
2887.599121	2317.392334
3015.939209	2317.839111
3141.986572	2317.557373
3270.162598	2318.335693
3396.699219	2318.32666
3524.162109	2318.843018
974.7468872	2443.804932
1102.817017	2443.604492
1230.437256	2443.301758
1358.463989	2443.405762
1485.530029	2443.468018
1614.172363	2443.583496
1740.965454	2443.0354
1868.905029	2443.234131
1995.934937	2443.413086
2123.864258	2443.752197
2250.471191	2444.045654
2379.068604	2444.259766
2505.533447	2444.169189
2633.620117	2444.308105
2759.977783	2444.275391
2887.068848	2444.589111
3014.300293	2445.038086
3141.273682	2444.657227
3268.782959	2444.992188
3395.948975	2445.237305
3522.73584	2445.745117
974.5869751	2571.125
1102.371948	2570.733154
1230.686646	2570.462891
1357.75354	2570.226318
1485.813477	2570.520264
1613.552856	2570.441406
1740.955078	2570.504883
1868.560303	2570.542969
1995.776001	2570.923828
2123.151611	2570.809326
2250.80957	2570.985596
2377.595947	2570.973389
2505.628662	2570.924316
2632.538086	2570.98291
2759.385742	2571.205811
2886.201904	2570.912354
3014.290527	2571.724854
3140.504639	2571.244629
3268.619141	2571.662598
3395.077393	2571.950439
3522.239014	2572.445312